69001
69002
69003
69004
69005
69006
69007
69008
69009
69061
69062
69064
69129
69201
69202
69203
69204
69205
69206
69207
69208
69209
69211
69212
69213
69214
69215
69216
69217
69218
69219
69225
69226
69227
69228
69229
69232
69237
69239
69241
69242
69243
69244
69245
69246
69247
69251
69252
69253
69255
69256
69257
69258
69259
69261
69262
69263
69264
69265
69266
69267
69268
69269
69271
69272
69275
69276
69279
69281
69282
69283
69284
69285
69286
69287
69288
69289
69291
69292
69293
69294
69301
69302
69303
69307
69309
69316
69317
69319
69321
69322
69326
69327
69328
69329
69336
69337
69338
69339
69341
69342
69343
69344
69345
69346
69347
69348
69349
69351
69352
69353
69354
69355
69356
69357
69358
69359
69361
69362
69363
69364
69365
69366
69367
69369
69371
69372
69373
69376
69377
69379
69384
69385
69389
69391
69392
69393
69394
69395
69396
69397
69398
69399
69401
69402
69403
69404
69405
69406
69408
69409
69411
69412
69413
69414
69415
69416
69417
69418
69419
69421
69422
69423
69424
69425
69426
69427
69428
69429
69431
69432
69433
69434
69435
69436
69437
69438
69439
69441
69442
69443
69444
69445
69446
69447
69448
69449
69451
69452
69453
69454
69455
69456
69457
69458
69459
69461
69463
69464
69465
69466
69467
69468
69469
69472
69474
69475
69476
69477
69478
69479
69481
69482
69483
69484
69485
69486
69487
69488
69489
69501
69502
69503
69505
69509
69841
69900
69901
69902
69903
69904
69905
69906
69907
69908
69931
69932
69933
69934
69935
69936
69937
69938
69939
69942
69945
69946
69947
69948
69949
69951
69952
69953
69954
69955
69957
69998
