62520
71150
75001
75002
75003
75004
75005
75006
75007
75008
75009
75010
75011
75012
75013
75014
75015
75016
75017
75018
75019
75020
75021
75023
75024
75026
75028
75029
75030
75031
75032
75033
75034
75035
75036
75038
75039
75040
75041
75042
75043
75044
75045
75046
75047
75048
75049
75051
75052
75053
75054
75055
75056
75058
75059
75060
75061
75062
75063
75064
75065
75066
75067
75068
75069
75072
75073
75074
75075
75076
75077
75078
75079
75080
75081
75082
75083
75084
75085
75086
75087
75088
75089
75090
75092
75093
75094
75095
75096
75097
75100
75101
75102
75103
75104
75105
75106
75107
75108
75109
75110
75111
75112
75113
75115
75116
75118
75119
75120
75122
75123
75124
75125
75126
75127
75128
75129
75130
75131
75134
75138
75139
75140
75141
75142
75144
75150
75151
75152
75153
75154
75155
75156
75157
75158
75159
75164
75165
75166
75167
75168
75169
75170
75171
75172
75174
75176
75177
75201
75204
75205
75206
75210
75211
75212
75214
75221
75222
75223
75224
75226
75227
75228
75229
75230
75231
75232
75233
75234
75235
75236
75237
75238
75239
75240
75241
75243
75244
75248
75250
75252
75253
75256
75302
75303
75304
75305
75306
75307
75308
75309
75310
75311
75312
75313
75314
75315
75317
75318
75319
75320
75321
75322
75323
75324
75325
75326
75327
75328
75329
75330
75333
75335
75337
75338
75339
75340
75341
75342
75343
75344
75345
75348
75349
75350
75352
75353
75355
75356
75357
75358
75359
75421
75422
75423
75424
75425
75426
75427
75428
75429
75430
75431
75432
75434
75435
75436
75437
75438
75439
75440
75441
75442
75443
75444
75445
75446
75447
75449
75450
75451
75452
75453
75454
75455
75456
75457
75458
75459
75460
75462
75463
75464
75465
75466
75467
75468
75470
75471
75472
75473
75474
75475
75476
75477
75478
75479
75480
75481
75482
75483
75484
75485
75486
75487
75488
75490
75491
75492
75493
75495
75496
75497
75498
75499
75502
75503
75504
75505
75506
75507
75508
75509
75510
75511
75512
75521
75522
75523
75524
75525
75526
75527
75528
75533
75534
75535
75536
75537
75538
75540
75541
75542
75543
75544
75545
75546
75547
75548
75550
75551
75552
75553
75554
75555
75556
75557
75558
75560
75561
75562
75563
75564
75565
75566
75567
75568
75569
75570
75571
75572
75573
75574
75575
75576
75577
75578
75579
75580
75581
75582
75583
75584
75585
75586
75587
75588
75589
75591
75700
92033
92034
92035
92036
92037
92038
92039
92040
92041
92042
92043
92044
92045
92046
92047
92048
92049
92050
92051
92052
92053
92054
92055
92056
92057
92058
92059
92060
92061
92063
92064
92065
92066
92067
92068
92069
92070
92071
92072
92073
92074
92075
92076
92077
92078
92079
92081
92082
92083
92084
92085
92086
92087
92088
92089
92092
92093
92095
92096
92097
92098
92099
92499
92901
92902
92903
92904
92906
92907
92908
92909
92911
92912
92913
92914
92915
92916
92917
92918
92919
92920
92921
92922
92923
92924
92925
92926
92927
92928
92929
92930
92931
92932
92933
92934
92935
92936
92937
92938
92939
92970
92971
92972
92973
92974
92975
92977
92978
92979
92980
92981
92983
92984
92985
92986
92987
92988
92989
92999
93400
