8000
8001
8002
8003
8004
8005
8006
8008
8010
8011
8012
8015
8016
8020
8021
8022
8023
8024
8026
8027
8030
8031
8032
8033
8034
8036
8037
8038
8039
8040
8041
8042
8044
8045
8046
8047
8048
8049
8050
8051
8052
8053
8055
8057
8058
8059
8060
8061
8063
8064
8065
8066
8068
8070
8071
8074
8075
8080
8081
8085
8086
8087
8088
8090
8091
8092
8093
8096
8098
8099
8102
8103
8104
8105
8106
8107
8108
8112
8113
8114
8115
8117
8118
8121
8122
8123
8124
8125
8126
8127
8130
8132
8133
8134
8135
8136
8142
8143
8152
8153
8154
8155
8156
8157
8158
8162
8164
8165
8166
8172
8173
8174
8175
8180
8181
8182
8183
8184
8185
8187
8192
8193
8194
8195
8196
8197
8212
8245
8246
8247
8248
8301
8302
8303
8304
8305
8306
8307
8308
8309
8310
8311
8312
8314
8315
8317
8320
8322
8325
8330
8331
8332
8335
8340
8342
8343
8344
8345
8352
8353
8354
8400
8401
8402
8404
8405
8406
8408
8409
8410
8411
8412
8413
8414
8415
8416
8418
8421
8422
8423
8424
8425
8426
8427
8428
8442
8444
8447
8450
8451
8452
8453
8457
8458
8459
8460
8461
8462
8463
8464
8465
8466
8467
8468
8471
8472
8474
8475
8476
8477
8478
8479
8482
8483
8484
8486
8487
8488
8489
8492
8493
8494
8495
8496
8497
8498
8499
8523
8542
8543
8544
8545
8546
8548
8600
8602
8603
8604
8605
8606
8607
8608
8610
8612
8613
8614
8615
8616
8617
8618
8620
8621
8622
8623
8624
8625
8626
8627
8630
8632
8633
8634
8635
8636
8637
8639
8700
8702
8703
8704
8706
8707
8708
8712
8713
8714
8800
8801
8802
8803
8804
8805
8810
8812
8813
8815
8816
8820
8824
8825
8833
8901
8902
8903
8904
8906
8907
8908
8909
8910
8911
8912
8913
8914
8915
8925
8926
8932
8933
8934
8942
8951
8952
8953
8954
8955
8970
