190 11
103 00
181 00
182 00
140 00
142 00
147 00
162 00
169 00
182 00
160 00
170 00
196 00
198 00
141 00
148 00
149 00
143 00
181 00
184 00
182 00
196 00
160 00
162 00
164 00
184 00
102 00
107 00
109 00
190 12
107 00
149 00
104 00
190 00
198 00
150 00
152 00
154 00
142 00
147 00
118 00
170 00
154 00
102 00
109 00
190 14
193 00
198 00
198 00
102 00
109 00
118 00
119 00
160 00
169 00
190 00
152 00
155 00
158 00
110 00
142 00
143 00
147 00
180 00
186 00
197 00
190 14
190 16
182 00
184 00
190 16
103 00
143 00
150 00
158 00
104 00
140 00
142 00
147 00
104 00
148 00
198 00
159 00
190 00
199 00
142 00
147 00
180 00
182 00
190 00
161 00
162 00
164 00
142 00
103 00
155 31
252 28
154 00
165 00
159 00
118 00
150 00
100 00
108 00
190 00
101 00
106 00
140 00
141 00
196 00
143 00
150 00
169 00
164 00
103 00
110 00
120 00
128 00
186 00
128 00
140 00
109 00
142 00
104 00
140 00
147 00
164 00
190 00
150 00
158 00
153 00
159 00
252 26
155 00
161 00
163 00
161 00
190 15
149 00
160 00
154 00
150 00
158 00
155 00
155 21
110 00
102 00
108 00
109 00
155 00
158 00
100 00
101 00
108 00
130 00
160 00
162 00
169 00
180 00
182 00
190 00
165 00
143 00
155 00
155 21
196 00
171 00
181 00
182 00
104 00
149 00
190 16
162 00
159 00
100 00
101 00
110 00
120 00
130 00
190 17
160 00
164 00
100 00
101 00
140 00
120 00
128 00
130 00
190 00
198 00
102 00
106 00
141 00
155 00
156 00
100 00
130 00
186 00
155 21
