28001
28002
28003
28004
28005
28006
28007
28008
28009
28010
28011
28012
28013
28014
28015
28016
28017
28018
28019
28020
28021
28022
28023
28024
28025
28026
28027
28028
28029
28030
28031
28032
28033
28034
28035
28036
28037
28038
28039
28040
28041
28042
28043
28044
28045
28046
28047
28048
28049
28050
28051
28052
28053
28054
28055
28070
28071
28080
28082
28083
28085
28086
28087
28100
28108
28109
28220
28221
28222
28223
28224
28229
28230
28231
28232
28290
28320
28520
28521
28522
28523
28524
28529
28660
28668
28669
28670
28679
28690
28691
28692
28700
28701
28702
28703
28706
28707
28708
28709
28760
28770
28780
28820
28821
28822
28823
28830
28840
28850
28851
28860
28861
28862
28891
28900
28901
28902
28903
28904
28905
28906
28907
28909
28910
28911
28912
28913
28914
28915
28916
28917
28918
28919
28920
28921
28922
28923
28924
28925
