30318
30331
30315
30311
30310
30305
30309
30314
30324
30312
30306
30327
30308
30307
30316
30317
30313
30342
30354
30303
30319
30326
30363
30032
30304
30328
30329
30334
30336
30337
30338
30339
30340
30341
30344
30345
30346
30347
30349
30350
30360
30361
30369
30376
30379
31120
30332
30322
30330
30368
30375
30380
30384
30385
30386
30387
30388
30389
30390
30396
30398
30399
31136
31191
31192
31193
31195
31196
31197
31198
31199
39901
30301
30302
30320
30321
30325
30333
30343
30348
30353
30355
30356
30357
30358
30359
30362
30364
30366
30370
30371
30374
30377
30378
30392
30394
31106
31107
31119
31126
31131
31139
31141
31145
31146
31150
31156
