92069
92078
92029
92009
92024
92084
92096
92079
78664
78681
78665
78728
78626
78628
78634
78660
78717
78682
78680
78683
78745
78753
78741
78758
78704
78744
78759
78748
78749
78705
78723
78727
78750
78731
78702
78757
78703
78752
78717
78724
78739
78751
78735
78746
78721
78726
78747
78754
78617
78729
78730
78701
78756
78722
78736
78653
78660
78732
78652
78712
78725
78733
78742
78610
78613
78641
78664
78681
78710
78719
78728
78734
78737
78738
78798
78799
73301
73344
78772
78773
78774
78778
78779
78780
78781
78783
78785
78786
78788
78789
78708
78709
78711
78713
78714
78715
78716
78718
78720
78755
78760
78761
78762
78763
78764
78765
78766
78767
78768
78769