35211
35215
35205
35206
35208
35212
35204
35214
35235
35222
35207
35209
35218
35234
35228
35217
35221
35210
35203
35213
35224
35242
35061
35233
35243
35223
35226
35022
35023
35064
35068
35094
35005
35020
35117
35118
35126
35127
35130
35173
35216
35244
35254
35225
35229
35230
35240
35245
35246
35249
35263
35277
35278
35279
35280
35281
35282
35285
35286
35287
35288
35289
35290
35291
35292
35293
35294
35295
35296
35297
35298
35299
35201
35202
35219
35220
35231
35232
35236
35237
35238
35253
35255
35259
35260
35261
35266
35283