60201
60202
60203
60208
60209
60204
60193
60194
60173
60195
60007
60008
60067
60107
60133
60169
60172
60196
60159
60168
60629
60618
60623
60632
60639
60647
60608
60617
60625
60634
60620
60628
60641
60614
60609
60619
60640
60651
60657
60630
60622
60626
60638
60643
60613
60616
60637
60644
60645
60649
60660
60615
60636
60652
60610
60624
60659
60621
60612
60611
60653
60655
60631
60646
60656
60605
60607
60642
60707
60654
60601
60633
60661
60827
60606
60007
60018
60068
60106
60131
60176
60602
60603
60604
60699
60701
60706
60714
60804
60290
60663
60668
60669
60670
60673
60674
60675
60677
60678
60679
60682
60684
60685
60686
60687
60688
60689
60693
60694
60695
60696
60697
60664
60666
60680
60681
60690
60691
53215
53204
53218
53209
53207
53216
53208
53212
53206
53210
53221
53202
53225
53224
53222
53211
53223
53219
53233
53220
53205
53214
53213
53227
53228
53226
53203
53217
53022
53051
53154
53235
53295
53259
53263
53267
53268
53274
53278
53288
53290
53293
53201
53234
53237
53244
61107
61108
61103
61104
61109
61101
61114
61102
61008
61020
61088
61111
61112
61105
61106
61110
61125
61126
60901
60915
60922
60435
60586
60431
60432
60436
60433
60451
60441
60403
60404
60410
60421
60442
60447
60544
60560
60434
60565
60540
60564
60563
60440
60504
60532
60585
60566
60567
46404
46407
46403
46408
46406
46409
46402
46410
46405
46401