75019
75039
75038
75041
75040
75043
75042
75044
75049
75048
75051
75050
75052
75054
75061
75060
75063
75062
75080
75082
75081
75089
75088
75099
75104
75106
75115
75116
75125
75134
75137
75141
75146
75150
75149
75154
75159
75172
75181
75180
75182
75202
75201
75204
75203
75206
75205
75208
75207
75210
75209
75212
75211
75215
75214
75217
75216
75219
75218
75220
75223
75222
75225
75224
75227
75226
75229
75228
75231
75230
75233
75232
75235
75234
75237
75236
75238
75241
75240
75243
75242
75244
75247
75246
75249
75248
75251
75250
75253
75254
75260
75275
75283
75284
75326
75359
75381
75001
75390
75006
75007
75397
75015
75014
75016
