80501
80504
80503
80502
80304
80302
80303
80305
80301
80503
80310
80309
80314
80321
80322
80323
80328
80329
80025
80306
80307
80308
80122
80015
80112
80121
80016
80111
80013
80011
80012
80010
80017
80014
80016
80015
80018
80247
80019
80045
80220
80047
80102
80112
80137
80138
80231
80040
80041
80042
80044
80046
80229
80241
80233
80602
80260
80023
80221
80601
80603
80640
80219
80239
80210
80220
80211
80204
80205
80249
80206
80209
80207
80203
80231
80218
80223
80222
80224
80237
80236
80212
80123
80247
80216
80202
80238
80227
80246
80230
80221
80014
80235
80110
80012
80111
80214
80215
80225
80226
80228
80229
80232
80233
80234
80260
80264
80265
80266
80290
80293
80294
80295
80299
80208
80243
80244
80251
80252
80256
80257
80259
80261
80262
80263
80271
80273
80274
80279
80280
80281
80291
80201
80217
80248
80250