79936
79912
79924
79907
79925
79915
79938
79904
79930
79905
79932
79902
79934
79903
79935
79901
79922
79928
79927
79908
79911
79835
79821
79906
79910
88063
79958
79960
79961
79968
79976
79978
79980
79913
79914
79917
79920
79923
79926
79929
79931
79937
79940
79941
79942
79943
79944
79945
79946
79947
79948
79949
79950
79951
79952
79953
79954
79955
79990
79995
79996
79997
79998
79999
88510
88511
88512
88513
88514
88515
88516
88517
88518
88519
88520
88521
88523
88524
88525
88526
88527
88528
88529
88530
88531
88532
88533
88534
88535
88536
88538
88539
88540
88541
88542
88543
88544
88545
88546
88547
88548
88549
88550
88553
88554
88555
88556
88557
88558
88559
88560
88561
88562
88563
88565
88566
88567
88568
88569
88570
88571
88572
88573
88574
88575
88576
88577
88578
88579
88580
88581
88582
88583
88584
88585
88586
88587
88588
88589
88590
88595