77001
77002
77003
77004
77005
77006
77007
77008
77009
77010
77011
77012
77013
77014
77015
77016
77017
77018
77019
77020
77021
77022
77023
77024
77025
77026
77027
77028
77029
77030
77031
77032
77033
77034
77035
77036
77037
77038
77039
77040
77041
77042
77043
77044
77045
77046
77047
77048
77049
77050
77051
77052
77054
77055
77056
77057
77058
77059
77060
77061
77062
77063
77064
77065
77066
77067
77068
77069
77070
77071
77072
77073
77074
77075
77076
77077
77078
77079
77080
77081
77082
77083
77084
77085
77086
77087
77088
77089
77090
77091
77092
77093
77094
77095
77096
77097
77098
77099
77201
77202
77203
77204
77205
77206
77207
77208
77209
77210
77212
77213
77215
77216
77217
77218
77219
77220
77221
77222
77223
77224
77225
77226
77227
77228
77229
77230
77231
77233
77234
77235
77236
77237
77238
77240
77241
77242
77243
77244
77245
77246
77247
77248
77249
77250
77251
77252
77253
77254
77255
77256
77257
77258
77259
77260
77261
77262
77263
77265
77266
77267
77268
77269
77270
77271
77272
77273
77274
77275
77276
77277
77278
77279
77280
77282
77284
77285
77286
77287
77288
77289
77290
77291
77292
77293
77294
77296
77297
77298
77299
77315
77325
77336
77337
77338
77339
77345
77346
77347
77373
77375
77377
77379
77383
77388
77389
77391
77396
77401
77402
77410
77411
77413
77429
77433
77447
77449
77450
77484
77491
77492
77493
77501
77502
77503
77504
77505
77506
77507
77508
77520
77521
77522
77530
77532
77536
77547
77562
77571
77572
77586
77587
77598
77053
77406
77417
77441
77444
77451
77459
77461
77464
77469
77471
77476
77477
77478
77479
77481
77487
77489
77494
77496
77497
77545
77301
77302
77303
77304
77305
77306
77316
77318
77333
77353
77354
77355
77356
77357
77362
77365
77372
77378
77380
77381
77382
77384
77385
77386
77387
77393
77422
77430
77431
77463
77480
77486
77511
77512
77515
77516
77531
77534
77541
77542
77566
77577
77578
77581
77583
77584
77588
77510
77517
77518
77539
77546
77549
77550
77551
77552
77553
77554
77555
77563
77565
77568
77573
77574
77590
77591
77592
77617
77623
77650
77327
77328
77368
77369
77533
77535
77538
77561
77564
77575
77582
77423
77445
77446
77466
77514
77560
77580
77597
77661
77665
77418
77452
77473
77474
77485
78931
78933
78944
78950
