64114
64118
64134
64155
64131
64151
64130
64119
64127
64133
64111
64157
64110
64117
64132
64138
64124
64113
64128
64116
64123
64137
64109
64129
64154
64112
64106
64152
64108
64126
64145
64156
64153
64158
64105
64136
64125
64139
64146
64147
64101
64120
64149
64163
64012
64030
64052
64053
64055
64064
64068
64079
64081
64082
64102
64150
64161
64164
64165
64166
64167
64172
64192
64144
64162
64170
64180
64183
64184
64185
64187
64193
64194
64197
64198
64944
64999
64121
64141
64148
64168
64171
64179
64188
64190
64191
64195
64196
64199
64114
64118
64134
64155
64131
64151
64130
64119
64127
64133
64111
64157
64110
64117
64132
64138
64124
64113
64128
64116
64123
64137
64109
64129
64154
64112
64106
64152
64108
64126
64145
64156
64153
64158
64105
64136
64125
64139
64146
64147
64101
64120
64149
64163
64012
64030
64052
64053
64055
64064
64068
64079
64081
64082
64102
64150
64161
64164
64165
64166
64167
64172
64192
64144
64162
64170
64180
64183
64184
64185
64187
64193
64194
64197
64198
64944
64999
64121
64141
64148
64168
64171
64179
64188
64190
64191
64195
64196
64199