90011
91331
91342
91335
90026
91402
90003
90019
90044
90004
90006
90037
90042
91343
90034
90731
91605
90744
91344
91406
90016
90018
90024
90033
90066
91304
91352
91405
90027
90032
90057
90065
91306
91606
90007
90025
90005
90020
90029
90031
90036
90045
91367
91401
91601
90002
90043
90047
90049
90062
91311
91325
91326
90008
90012
90028
90038
90039
90046
91356
91423
91604
90023
90035
90041
90059
90064
90291
91042
91303
91316
91324
91364
91607
90017
90068
90272
90710
91307
91403
91411
90015
90048
90061
90501
90732
91040
91345
91602
90063
91436
90001
90013
90230
90247
90292
90293
91340
90014
90069
90077
90210
90010
90021
90058
90067
90094
90248
90402
91504
90022
90040
90056
90071
90079
90099
90101
90212
90232
90275
90290
90405
90502
90717
90745
90810
90813
91030
91105
91214
91505
91608
90089
91330
90074
90084
90088
90090
90095
90096
90102
90103
90189
91371
90009
90030
90050
90051
90052
90053
90054
90055
90060
90070
90072
90073
90075
90076
90078
90080
90081
90082
90083
90086
90087
90091
90093