32703
32704
32709
32710
32712
32751
32768
32777
32789
32790
32792
32793
32794
32798
32801
32802
32803
32804
32805
32806
32807
32808
32809
32810
32811
32812
32814
32816
32817
32818
32819
32820
32821
32822
32824
32825
32826
32827
32828
32829
32830
32831
32832
32833
32834
32835
32836
32837
32839
32853
32854
32855
32856
32857
32858
32859
32860
32861
32862
32867
32868
32869
32872
32877
32878
32885
32886
32887
32890
32891
32893
32896
32897
32898
34734
34740
34760
34761
34777
34778
34786
34787
32102
32158
32159
32702
32726
32727
32735
32736
32756
32757
32767
32776
32778
32784
34705
34711
34712
34713
34714
34715
34729
34731
34736
34737
34748
34749
34753
34755
34756
34762
34788
34789
34797
33848
34739
34741
34742
34743
34744
34745
34746
34747
34758
34769
34770
34771
34772
34773
32701
32707
32708
32714
32715
32716
32718
32719
32730
32732
32733
32745
32746
32747
32750
32752
32762
32765
32766
32771
32772
32773
32779
32791
32795
32799
