19120
19124
19143
19111
19134
19149
19140
19104
19148
19145
19131
19144
19136
19139
19121
19132
19147
19128
19146
19115
19116
19135
19152
19154
19138
19141
19114
19151
19142
19119
19133
19130
19125
19150
19103
19122
19107
19126
19123
19106
19153
19129
19118
19137
19127
19102
19109
19110
19112
19113
19176
19190
19092
19093
19099
19161
19162
19170
19171
19172
19173
19175
19177
19178
19179
19181
19182
19183
19184
19185
19187
19188
19191
19192
19193
19194
19195
19196
19197
19244
19255
19019
19101
19105
19108
19155
19160