85268
85259
85269
85374
85379
85388
85387
85375
85342
85355
85361
85373
85378
85383
85396
85204
85201
85202
85209
85210
85203
85205
85213
85207
85206
85212
85208
85215
85120
85142
85233
85234
85281
85283
85211
85214
85216
85274
85275
85277
85338
85395
85139
85326
85323
85340
85392
85225
85224
85286
85226
85249
85248
85044
85233
85283
85284
85295
85297
85298
85244
85246
85301
85308
85302
85303
85304
85306
85305
85310
85382
85307
85309
85345
85340
85355
85381
85031
85033
85037
85335
85383
85313
85311
85312
85318
85032
85008
85033
85041
85009
85035
85022
85029
85037
85254
85042
85051
85017
85015
85021
85027
85044
85018
85016
85020
85048
85023
85031
85040
85043
85053
85339
85006
85050
85014
85019
85024
85308
85353
85013
85028
85083
85085
85331
85007
85310
85003
85086
85045
85306
85012
85034
85054
85304
85004
85087
85307
85251
85253
85305
85025
85026
85039
85055
85065
85073
85096
85097
85226
85255
85281
85282
85283
85301
85302
85340
85383
85392
85077
85098
85099
85001
85002
85005
85010
85011
85030
85036
85038
85046
85060
85061
85062
85063
85064
85066
85067
85068
85069
85070
85071
85072
85074
85075
85076
85078
85079
85080
85082
85331
85266
85262
85377