15122
15236
15207
15025
15123
15122
15236
15207
15025
15123
15213
15206
15217
15212
15210
15219
15226
15201
15207
15232
15211
15214
15208
15203
15224
15216
15204
15220
15205
15221
15233
15222
15227
15218
15234
15120
15238
15106
15235
15202
15209
15215
15223
15225
15228
15229
15236
15237
15239
15241
15243
15253
15260
15272
15273
15275
15276
15288
15290
15295
15252
15254
15255
15257
15258
15259
15261
15262
15263
15265
15266
15267
15268
15270
15277
15278
15279
15281
15282
15283
15285
15286
15289
15230
15231
15240
15242
15244
15250
15251
15264
15274
15132
15131
15133
15135
15134
15146
15085
15148
15145