14621
14609
14620
14611
14607
14613
14619
14605
14608
14606
14615
14612
14610
14604
14614
14616
14618
14603
14617
14622
14623
14624
14625
14626
14638
14639
14642
14643
14644
14645
14646
14647
14649
14650
14651
14652
14653
14664
14673
14683
14694
14627
14602
14692
14621
14609
14620
14611
14607
14613
14619
14605
14608
14606
14615
14612
14610
14604
14614
14616
14618
14603
14617
14622
14623
14624
14625
14626
14638
14639
14642
14643
14644
14645
14646
14647
14649
14650
14651
14652
14653
14664
14673
14683
14694
14627
14602
14692