95240
95242
95241
95624
95758
95757
95830
95829
95759
95630
95662
95670
95742
95763
95747
95678
95661
95746
95765
95677
95823
95822
95831
95833
95838
95835
95820
95834
95815
95818
95819
95824
95816
95817
95832
95826
95814
95811
95828
95758
95825
95821
95864
95652
95660
95673
95827
95829
95830
95836
95837
95841
95842
94299
95840
95867
95887
95894
94203
94204
94205
94206
94207
94208
94209
94211
94229
94230
94232
94234
94235
94236
94237
94239
94240
94244
94245
94246
94247
94248
94249
94250
94252
94254
94256
94257
94258
94259
94261
94262
94263
94267
94268
94269
94271
94273
94274
94277
94278
94279
94280
94282
94283
94284
94285
94286
94287
94288
94289
94290
94291
94293
94294
94295
94296
94297
94298
95812
95813
95851
95852
95853
95860
95865
95866
95899
95616
95618
95776
95617