78228
78207
78250
78247
78249
78251
78240
78227
78223
78201
78216
78230
78210
78237
78213
78258
78221
78211
78217
78218
78242
78232
78233
78229
78209
78245
78212
78214
78254
78259
78222
78224
78238
78220
78225
78248
78202
78023
78204
78244
78203
78219
78226
78231
78234
78256
78239
78260
78109
78208
78255
78257
78205
78215
78252
78266
78056
78073
78112
78154
78206
78235
78236
78241
78243
78253
78261
78262
78263
78264
78284
78285
78275
78286
78287
78288
78289
78246
78265
78268
78269
78270
78278
78279
78280
78283
78291
78292
78293
78294
78295
78296
78297
78298
78299