91901
92019
91903
92020
92021
92019
91941
92071
92090
92022
92009
92008
92011
92010
92056
92024
92078
92081
92013
92018
92027
92025
92026
92029
92069
92078
92082
92030
92033
92046
91911
91910
91913
91915
91914
91902
91950
92154
91909
91912
91921
92154
92126
92105
92114
92115
92113
92117
92129
92130
92037
92128
92109
92104
92111
92102
92122
92101
92139
92131
92103
92116
92124
92173
92107
92123
92120
92110
92119
92127
92106
92108
92014
92118
92121
91911
91914
91915
91932
91942
91945
91950
92025
92027
92029
92064
92065
92071
92075
92133
92135
92194
92197
92199
92140
92145
92132
92134
92136
92147
92152
92155
92158
92161
92182
92184
92187
92067
92112
92137
92138
92142
92149
92150
92153
92159
92160
92162
92163
92164
92165
92166
92167
92168
92169
92170
92171
92172
92174
92175
92176
92177
92179
92186
92190
92191
92192
92193
92195
92196
92198