94521
94520
94518
94519
94517
94523
94597
94598
94529
94522
94524
94527
94704
94703
94702
94709
94705
94707
94708
94710
94706
94608
94609
94618
94720
94701
94712
23220
23225
23224
23223
23222
23221
23234
23227
23226
23235
23231
23219
23230
23232
23236
23237
23240
23250
23298
23173
23249
23269
23274
23276
23278
23279
23282
23286
23289
23290
23291
23292
23293
23295
23297
23218
23241
23260
23261
23284
23285
94941
94904
94942
94598
94596
94597
94595
94507
94518
94521
94549
94550
94551
94588
94306
94303
94301
94304
94022
94040
94043
94305
95014
95033
94302
94309
94403
94401
94402
94404
94497
94112
94110
94109
94122
94116
94121
94134
94117
94118
94124
94115
94102
94114
94132
94103
94107
94131
94133
94123
94127
94108
94105
94158
94111
94129
94130
94104
94101
94128
94106
94135
94136
94137
94138
94139
94143
94144
94145
94150
94151
94152
94153
94154
94155
94156
94160
94161
94162
94163
94171
94175
94177
94199
94119
94120
94125
94126
94140
94141
94142
94146
94147
94159
94164
94172
94188
94015
94014
94013
94016
94017
95123
95111
95122
95112
95116
95125
95148
95124
95136
95132
95129
95121
95127
95120
95118
95126
95117
95128
95131
95133
95135
95110
95138
95134
95130
95119
95008
95139
95014
95113
94089
95032
95035
95037
95050
95054
95070
95101
95140
95141
95190
95191
95192
95193
95194
95196
95002
95013
95103
95106
95108
95109
95115
95150
95151
95152
95153
95154
95155
95156
95157
95158
95159
95160
95161
95164
95170
95172
95173