98001
98002
98003
98004
98005
98006
98007
98008
98010
98011
98012
98014
98019
98020
98021
98022
98023
98024
98026
98027
98028
98029
98030
98031
98032
98033
98034
98036
98037
98038
98039
98040
98042
98043
98045
98047
98050
98051
98052
98053
98055
98056
98057
98058
98059
98065
98070
98072
98074
98075
98077
98087
98092
98101
98102
98103
98104
98105
98106
98107
98108
98109
98112
98115
98116
98117
98118
98119
98121
98122
98125
98126
98133
98134
98136
98144
98146
98148
98154
98155
98158
98164
98166
98168
98174
98177
98178
98188
98195
98198
98199
98201
98203
98204
98205
98207
98208
98223
98224
98241
98251
98252
98256
98258
98270
98271
98272
98275
98288
98290
98292
98294
98296
98303
98304
98321
98323
98327
98328
98329
98330
98332
98333
98335
98338
98349
98351
98354
98360
98371
98372
98373
98374
98375
98385
98387
98388
98390
98391
98394
98396
98402
98403
98404
98405
98406
98407
98408
98409
98416
98418
98421
98422
98424
98430
98433
98438
98439
98443
98444
98445
98446
98447
98465
98466
98467
98498
98499
98558
98580
