100 26
100 31
100 41
100 44
100 55
100 61
100 64
100 74
101 20
101 23
101 24
101 26
101 31
101 37
102 52
102 65
102 72
103 21
103 27
103 33
103 63
103 69
103 90
103 91
103 92
104 05
104 20
104 22
104 25
104 30
104 32
104 35
104 40
104 51
104 60
104 62
104 65
105 17
106 40
106 91
107 24
107 85
111 20
111 21
111 22
111 23
111 24
111 27
111 28
111 29
111 30
111 34
111 35
111 36
111 40
111 43
111 45
111 47
111 48
111 49
111 52
111 53
111 56
111 57
111 60
111 81
111 87
111 93
112 21
112 33
112 51
112 60
113 21
113 25
113 27
113 31
113 42
113 46
113 47
113 50
113 51
113 56
113 57
113 59
113 60
113 82
113 83
113 85
113 86
114 27
114 29
114 33
114 34
114 35
114 36
114 38
114 41
114 46
114 51
114 56
114 57
114 58
114 59
114 79
114 84
114 85
114 86
114 87
115 21
115 23
115 27
115 28
115 31
115 42
115 58
115 89
115 93
116 21
116 37
116 38
116 40
116 46
117 29
117 34
117 41
117 43
117 61
118 21
118 25
118 26
118 27
118 46
118 48
118 91
118 93
120 02
120 06
120 08
120 23
120 30
120 33
120 40
120 44
120 52
121 06
121 16
121 26
121 27
121 28
121 38
121 40
121 48
121 54
121 62
121 63
121 77
122 03
122 37
122 38
122 40
122 41
122 45
122 48
122 64
123 22
123 33
123 42
123 43
123 46
123 56
123 86
124 04
124 21
124 32
124 50
124 54
124 55
124 58
124 59
125 21
125 23
125 30
125 34
125 42
125 53
125 54
125 58
125 74
125 80
126 09
126 30
126 32
126 37
126 39
126 41
126 51
126 53
127 02
127 24
127 31
127 32
127 36
127 38
127 39
127 48
128 04
128 21
128 30
128 38
128 44
128 48
128 62
129 07
129 21
129 44
129 49
129 52
130 40
130 54
130 61
131 04
131 31
131 34
131 36
131 40
131 41
131 42
131 47
132 02
133 21
133 35
133 36
134 07
134 21
134 23
134 34
134 40
135 17
135 22
135 23
135 27
135 35
135 40
135 43
135 46
135 47
135 48
135 49
135 53
136 03
136 22
136 23
136 25
136 40
136 44
136 47
136 49
136 50
136 51
136 53
136 60
136 63
136 65
136 66
136 68
136 70
136 71
136 72
136 73
136 81
136 91
137 21
137 22
137 38
137 41
137 56
137 57
138 21
139 23
139 36
139 41
141 00
141 02
141 04
141 05
141 21
141 23
141 32
141 37
141 38
141 39
141 40
141 41
141 43
141 44
141 46
141 47
141 48
141 57
141 59
141 60
141 70
141 71
141 72
141 75
141 86
141 89
141 91
142 02
142 21
142 22
142 50
144 21
144 40
145 01
145 04
145 52
145 53
145 57
145 59
145 63
145 64
145 67
145 68
145 71
145 73
145 90
146 21
146 33
146 36
146 37
147 01
147 31
147 40
147 41
147 71
147 80
148 02
149 21
149 41
150 23
151 04
151 06
151 09
151 23
151 38
151 65
151 71
151 72
152 25
152 26
152 42
152 50
153 36
153 91
155 21
155 91
161 02
161 05
161 11
161 26
162 11
162 12
162 44
162 45
162 50
162 57
162 58
162 60
162 71
163 03
163 04
163 05
163 08
163 29
163 40
163 42
163 43
163 51
163 53
163 55
163 56
163 62
163 63
163 71
164 07
164 22
164 25
164 26
164 28
164 40
164 46
164 48
164 51
164 74
164 78
164 80
164 85
164 87
164 91
164 93
164 94
165 11
165 74
165 76
165 77
167 14
167 15
167 33
167 45
167 51
167 53
167 71
168 58
168 65
168 66
168 67
168 68
168 69
168 74
168 75
168 76
169 29
169 51
169 56
169 70
171 04
171 23
171 24
171 25
171 27
171 29
171 41
171 48
171 53
171 54
171 67
171 73
171 76
171 77
171 82
172 33
172 66
172 68
174 07
174 46
175 41
175 62
177 23
177 41
178 22
178 33
178 38
179 75
181 25
181 32
181 40
181 41
181 42
181 61
181 66
182 04
182 11
182 12
182 33
182 36
182 62
182 74
182 88
183 02
183 14
183 22
183 34
183 35
183 36
183 49
183 62
183 77
183 79
184 31
184 32
184 35
184 50
184 62
186 03
186 21
186 36
186 91
190 45
760 10
760 40
761 22
761 24
761 50
761 52
761 75
761 92
762 31
762 61
762 92
