1011
1012
1013
1014
1015
1016
1021
1022
1023
1024
1025
1026
1027
1028
1029
1031
1032
1033
1034
1035
1036
1037
1038
1039
1041
1042
1043
1044
1045
1046
1047
1048
1051
1052
1053
1054
1055
1056
1061
1062
1063
1064
1065
1066
1067
1068
1071
1072
1073
1074
1075
1076
1077
1078
1081
1082
1083
1084
1085
1086
1087
1088
1089
1091
1092
1093
1094
1095
1096
1097
1098
1101
1102
1103
1104
1105
1106
1107
1108
1111
1112
1113
1114
1115
1116
1117
1118
1119
1121
1122
1123
1124
1125
1126
1131
1132
1133
1134
1135
1136
1137
1138
1139
1141
1142
1143
1144
1145
1146
1147
1148
1149
1151
1152
1153
1154
1155
1156
1157
1158
1161
1162
1163
1164
1165
1171
1172
1173
1174
1181
1182
1183
1184
1185
1186
1188
1191
1192
1193
1194
1195
1196
1201
1202
1203
1204
1205
1211
1212
1213
1214
1215
1221
1222
1223
1224
1225
1237
1238
1239
1529
