00010
00011
00012
00013
00015
00017
00018
00019
00020
00021
00022
00023
00024
00025
00026
00027
00028
00029
00030
00031
00032
00033
00034
00035
00036
00037
00038
00039
00040
00041
00042
00043
00044
00045
00046
00047
00048
00049
00050
00051
00052
00053
00054
00055
00057
00058
00059
00060
00061
00062
00063
00065
00066
00067
00068
00069
00100
00119
00120
00121
00122
00123
00124
00125
00126
00127
00128
00131
00132
00133
00134
00135
00136
00137
00138
00139
00141
00142
00143
00144
00145
00146
00147
00148
00149
00151
00152
00153
00154
00155
00156
00157
00158
00159
00161
00162
00163
00164
00165
00166
00167
00168
00169
00171
00172
00173
00174
00175
00176
00177
00178
00179
00181
00182
00183
00184
00185
00186
00187
00188
00189
00191
00192
00193
00194
00195
00196
00197
00198
00199
01034
03020
80050
