666371
666372
666373
666374
666375
666376
666391
666393
666394
666395
666396
666397
666398
666399
666401
666402
666411
666413
666414
666415
666416
666417
666418
666419
666420
666423
666501
666504
666505
666510
666511
666513
666515
666516
666520
666522
666523
666530
666534
666535
666610
666611
666615
666620
666623
666625
666630
666633
666635
666637
666639
666651
666652
666654
666655
666656
666659
666660
666661
666664
666665
666670
666671
666673
666677
666679
666681
666682
666683
666684
666685
666686
666687
666700
666701
666702
666703
666705
666711
666712
666713
666714
666715
666716
666719
666720
666730
666731
666733
666743
666744
666745
666746
666761
666762
666763
666764
666765
666769
666771
666773
666774
666775
666778
666779
666780
666781
666782
666783
666784
666785
666786
666787
666788
666791
666793
666801
666811
666820
666821
666830
666832
666900
666901
666902
666904
666911
666920
666921
666922
666924
666925
666926
666931
666940
666960
667000
667001
667002
667003
667004
667005
667007
667008
667009
667010
667011
667700
667901
667902
667903
667904
667905
667906
667907
667908
667909
667910
667911
667965
667966
667970
667999
668010
668012
668013
668014
668015
668020
668025
668040
668042
668043
668046
668047
668050
668051
668061
668101
668110
668111
668112
668113
668114
668115
668116
668117
668121
668123
668130
668132
668133
668134
668141
668150
668159
668160
668162
668210
668212
668213
668214
668216
668221
668232
668233
668234
668236
668301
668302
668303
668310
668311
668312
668313
668314
668318
668330
668331
668332
668335
668336
668360
668362
668363
668364
668365
668371
668380
668382
668383
668384
668391
668400
668401
668411
668412
668413
668414
668415
668416
668420
668421
668422
668423
668501
668510
668512
668513
668514
668515
668516
668517
668520
668530
668532
668540
668541
668550
668551
669000
669001
669002
669120
669124
669125
669126
669127
669128
669129
669130
669132
669133
669200
669211
669212
669213
669214
669230
669231
669232
669233
669234
669235
669236
669237
669310
669311
669316
669317
669318
669321
669322
669323
669334
669335
669340
669341
669342
669343
669344
669401
669403
669404
669405
669406
669408
669409
669410
669411
669415
669417
669451
669452
669456
669457
669459
669467
669468
669469
669471
669472
669473
669475
669477
669479
669511
669513
669514
669515
669516
669517
669518
669520
669522
670000
670001
670002
670004
670008
670009
670010
670011
670013
670014
670017
670018
670023
670024
670031
670033
670034
670035
670039
670040
670042
670045
670047
670049
670050
670700
670950
670960
670961
670970
670980
671001
671002
671003
671010
671013
671015
671020
671021
671023
671024
671030
671032
671050
671052
671056
671110
671120
671123
671130
671131
671132
671133
671160
671161
671162
671167
671171
671172
671174
671178
671181
671182
671183
671184
671185
671186
671190
671192
671193
671194
671195
671196
671197
671198
671200
671202
671203
671205
671206
671207
671208
671210
671215
671220
671221
671230
671235
671240
671242
671243
671244
671247
671250
671251
671253
671254
671260
671265
671270
671272
671273
671275
671280
671281
671285
671286
671300
671302
671303
671310
671312
671321
671325
671326
671328
671331
671332
671333
671336
671337
671338
671339
671340
671342
671343
671344
671346
671349
671350
671351
671352
671353
671355
671356
671360
671363
671364
671365
671366
671367
671371
671372
671373
671374
671377
671378
671379
671381
671382
671401
671402
671403
671404
671405
671406
671410
671420
671421
671425
671426
671430
671432
671433
671434
