2564
4000
4005
4006
4007
4008
4009
4010
4011
4012
4013
4014
4017
4018
4025
4030
4031
4032
4034
4035
4036
4051
4053
4054
4055
4059
4060
4061
4064
4065
4066
4067
4068
4069
4070
4073
4074
4075
4076
4077
4078
4101
4102
4103
4104
4105
4106
4107
4108
4109
4110
4111
4112
4113
4115
4116
4117
4120
4121
4122
4123
4151
4152
4153
4154
4155
4156
4169
4170
4171
4172
4173
4174
4178
4179
4207
4208
4209
4210
4211
4212
4213
4214
4215
4216
4217
4218
4219
4220
4221
4223
4224
4225
4226
4227
4228
4230
4300
4306
4380
4517
4518
4519
4520
4550
4551
4552
4553
4554
4555
4556
4557
4558
4559
4560
4561
4562
4563
4564
4565
4566
4567
4568
4569
4571
4572
4573
4574
4575
