3000
3002
3004
3006
3008
3011
3012
3013
3015
3016
3018
3019
3020
3021
3022
3023
3025
3028
3030
3031
3032
3033
3034
3036
3037
3038
3039
3040
3041
3042
3043
3044
3046
3051
3052
3053
3054
3055
3056
3057
3058
3060
3065
3066
3067
3068
3070
3071
3072
3073
3078
3079
3081
3083
3084
3085
3087
3088
3093
3094
3105
3106
3107
3108
3109
3111
3113
3114
3121
3125
3127
3128
3129
3130
3131
3132
3133
3134
3141
3142
3143
3144
3145
3146
3147
3148
3149
3150
3151
3161
3162
3163
3165
3166
3167
3168
3169
3170
3172
3181
3182
3183
3184
3185
3186
3187
3188
3189
3190
3191
3192
3193
3194
3195
3196
3197
3202
3204
3205
3206
3207
3858
