00002
00003
00009
00011
00012
00013
00015
00016
00017
00018
00019
00020
00021
00022
00023
00024
00025
00026
00029
00030
00031
00033
00034
00037
00038
00039
00040
00041
00042
00046
00047
00048
00050
00051
00052
00053
00054
00058
00060
00061
00062
00063
00064
00066
00068
00071
00076
00077
00079
00080
00089
00090
00093
00097
00098
00100
00101
00102
00105
00107
00120
00121
00125
00130
00131
00135
00140
00141
00150
00151
00155
00160
00161
00170
00171
00180
00181
00185
00187
00190
00191
00200
00201
00210
00211
00215
00220
00221
00225
00230
00231
00232
00235
00240
00241
00245
00250
00251
00255
00260
00270
00271
00280
00281
00290
00300
00301
00305
00310
00320
00321
00330
00331
00337
00340
00350
00351
00355
00360
00370
00371
00380
00381
00385
00390
00391
00395
00400
00401
00405
00410
00411
00420
00421
00425
00430
00431
00440
00441
00500
00501
00507
00510
00511
00515
00520
00521
00525
00530
00531
00535
00540
00550
00551
00555
00560
00561
00570
00577
00580
00581
00590
00600
00601
00605
00610
00620
00621
00630
00640
00641
00650
00660
00661
00670
00671
00680
00690
00700
00701
00710
00711
00720
00721
00730
00740
00741
00750
00751
00760
00761
00770
00771
00780
00781
00790
00791
00800
00810
00811
00820
00830
00840
00850
00860
00861
00870
00880
00890
00900
00910
00920
00921
00930
00931
00940
00941
00950
00960
00970
00971
00980
00981
00990
01009
01120
01150
01151
01180
01190
01200
01201
01230
01260
01261
01280
01300
01301
01350
01351
01360
01361
01370
01380
01390
01391
01400
01420
01450
01451
01480
01490
01510
01511
01520
01530
01531
01600
01601
01610
01611
01620
01621
01630
01640
01641
01650
01651
01660
01661
01670
01671
01680
01690
01700
01710
01711
01720
01721
01730
01740
01741
01750
01760
01770
01800
01801
01810
01820
01830
01860
01900
01901
01940
02010
02020
02044
02100
02101
02110
02120
02130
02131
02140
02150
02151
02160
02170
02171
02180
02200
02201
02210
02211
02230
02231
02240
02241
02260
02270
02271
02280
02290
02300
02320
02321
02330
02340
02360
02361
02380
02400
02401
02410
02420
02421
02430
02431
02440
02460
02470
02471
02490
02510
02520
02540
02550
02570
02580
02590
02600
02601
02610
02611
02620
02621
02630
02631
02660
02661
02680
02700
02701
02710
02711
02720
02730
02740
02750
02760
02761
02770
02771
02780
02781
02810
02820
02860
02880
02920
02921
02940
02941
02970
02980
03100
03101
03150
03220
03250
03300
03320
03400
03430
03600
03601
03620
03710
03790
03810
03850
03870
04130
04131
04150
04170
04200
04201
04220
04230
04240
04250
04251
04260
04261
04300
04301
04310
04320
04330
04340
04350
04360
04370
04380
04390
04400
04401
04410
04420
04430
04431
04440
04460
04480
04500
04501
04530
04600
04601
04630
04660
04680
04740
04770
04840
04920
04940
05100
05200
05201
05250
05400
05401
05430
05450
05460
05470
05510
05620
05720
05800
05801
05820
05830
05831
05840
05850
05860
05880
05900
05901
05950
07150
07170
07171
07190
08100
08101
08150
08151
08200
08201
08350
08360
08450
08480
08500
08501
08680
08700
08701
08800
09120
09220
09430
09520
09630
09810
09930
