94501
94502
94536
94537
94538
94539
94540
94541
94542
94543
94544
94545
94546
94550
94551
94552
94555
94557
94560
94566
94568
94577
94578
94579
94580
94586
94587
94588
94601
94602
94603
94604
94605
94606
94607
94608
94609
94610
94611
94612
94613
94614
94615
94617
94618
94619
94620
94621
94622
94623
94624
94625
94649
94659
94660
94661
94662
94666
94701
94702
94703
94704
94705
94706
94707
94708
94709
94710
94712
94720
94506
94507
94509
94511
94513
94514
94516
94517
94518
94519
94520
94521
94522
94523
94524
94525
94526
94527
94528
94529
94530
94531
94547
94548
94549
94553
94556
94561
94563
94564
94565
94569
94570
94572
94575
94582
94583
94595
94596
94597
94598
94801
94802
94803
94804
94805
94806
94807
94808
94820
94850
94901
94903
94904
94912
94913
94914
94915
94920
94924
94925
94929
94930
94933
94937
94938
94939
94940
94941
94942
94945
94946
94947
94948
94949
94950
94956
94957
94960
94963
94964
94965
94966
94970
94971
94973
94974
94976
94977
94978
94979
94998
94101
94102
94103
94104
94105
94106
94107
94108
94109
94110
94111
94112
94114
94115
94116
94117
94118
94119
94120
94121
94122
94123
94124
94125
94126
94127
94129
94130
94131
94132
94133
94134
94135
94136
94137
94138
94139
94140
94141
94142
94143
94144
94145
94146
94147
94150
94151
94152
94153
94154
94155
94156
94157
94158
94159
94160
94161
94162
94163
94164
94165
94166
94167
94168
94169
94170
94171
94172
94175
94177
94188
94199
94002
94005
94010
94011
94013
94014
94015
94016
94017
94018
94019
94020
94021
94025
94026
94027
94028
94030
94037
94038
94044
94060
94061
94062
94063
94064
94065
94066
94070
94074
94080
94083
94096
94098
94128
94401
94402
94403
94404
94497
94022
94023
94024
94035
94039
94040
94041
94042
94043
94085
94086
94087
94088
94089
94301
94302
94303
94304
94305
94306
94309
95002
95008
95009
95011
95013
95014
95015
95020
95021
95026
95030
95031
95032
95035
95036
95037
95038
95042
95044
95046
95050
95051
95052
95053
95054
95055
95056
95070
95071
95101
95103
95106
95108
95109
95110
95111
95112
95113
95115
95116
95117
95118
95119
95120
95121
95122
95123
95124
95125
95126
95127
95128
95129
95130
95131
95132
95133
95134
95135
95136
95138
95139
95140
95141
95148
95150
95151
95152
95153
95154
95155
95156
95157
95158
95159
95160
95161
95164
95170
95172
95173
95190
95191
95192
95193
95194
95196
