02019
02021
02025
02026
02027
02030
02032
02035
02038
02052
02053
02054
02056
02062
02067
02070
02071
02072
02081
02090
02093
02169
02170
02171
02184
02185
02186
02187
02188
02189
02190
02191
02269
02322
02343
02368
02445
02446
02447
02457
02481
02482
02492
02494
02762
02108
02109
02110
02111
02112
02113
02114
02115
02116
02117
02118
02119
02120
02121
02122
02123
02124
02125
02126
02127
02128
02129
02130
02131
02132
02133
02134
02135
02136
02137
02150
02151
02152
02163
02196
02199
02201
02203
02204
02205
02206
02207
02210
02211
02212
02215
02216
02217
02222
02228
02241
02266
02283
02284
02293
02295
02297
02298
02138
02139
02140
02141
02142
02143
02144
02145
02148
02149
02153
02155
02156
02176
02180
02238
02239
