80331
80333
80335
80336
80337
80339
80469
80538
80539
80634
80636
80637
80638
80639
80686
80687
80689
80796
80797
80798
80799
80801
80802
80803
80804
80805
80807
80809
80933
80935
80937
80939
80992
80993
80995
80997
80999
81241
81243
81245
81247
81249
81369
81371
81373
81375
81377
81379
81475
81476
81477
81479
81539
81541
81543
81545
81547
81549
81667
81669
81671
81673
81675
81677
81679
81735
81737
81739
81825
81827
81829
81925
81927
81929
82008
82024
82031
82032
82041
82049
82054
82061
82064
82065
82067
82069
82166
85521
85540
85551
85567
85579
85609
85622
85630
85635
85640
85649
85653
85655
85662
85716
85737
85748
85764
85774
